40723135	缺席
40723215	缺席
40723224	
40823201	
40823202	
40823203	
40823204	
40823205	
40823206	
40823207	
40823208	
40823210	缺席
40823211	
40823212	缺席
40823213	
40823214	缺席
40823215	缺席
40823216	缺席
40823217	
40823218	缺席
40823219	
40823220	
40823221	
40823222	
40823223	
40823224	
40823225	
40823226	缺席
40823227	
40823228	
40823229	缺席
40823230	缺席
40823231	
40823232	
40823233	
40823234	
40823235	缺席
40823236	
40823237	
40823238	缺席
40823239	
40823241	
40823242	
40823244	
40823245	
40823246	
40823247	
40823248	
40823250	缺席
40823251	
40832244	
