Excavator lower boom
0.9471010000  0.1546510000
0.9493430000  0.1570730000
0.9512270000  0.1598530000
0.9528420000  0.1627240000
0.9540970000  0.1657740000
0.9549950000  0.1690030000
0.9555330000  0.1722330000
0.9557120000  0.1755520000
0.9554430000  0.1788710000
0.9549050000  0.1821900000
0.9539180000  0.1853300000
0.9526620000  0.1883800000
0.9509580000  0.1912500000
0.9489840000  0.1939410000
0.9467420000  0.1963630000
0.9442300000  0.1985160000
0.9415390000  0.2004000000
0.9385790000  0.2019250000
0.9354390000  0.2031810000
0.9322990000  0.2039880000
0.9289800000  0.2044370000
0.9256610000  0.2045260000
0.7089350000  0.1985160000
0.6999650000  0.1980680000
0.6909940000  0.1971710000
0.6821130000  0.1960040000
0.6732330000  0.1944790000
0.6644420000  0.1925060000
-0.007176000  0.0296920000
-0.010226000  0.0287950000
-0.013187000  0.0275390000
-0.016057000  0.0260140000
-0.018659000  0.0242200000
-0.021081000  0.0220670000
-0.023323000  0.0197350000
-0.025207000  0.0172230000
-0.026911000  0.0144420000
-0.028257000  0.0115720000
-0.029333000  0.0085220000
-0.030051000  0.0054720000
-0.030410000  0.0022430000
-0.030500000  -0.000987000
-0.030230000  -0.004126000
-0.029602000  -0.007266000
-0.028705000  -0.010406000
-0.027450000  -0.013276000
-0.025925000  -0.016147000
-0.024041000  -0.018748000
-0.021978000  -0.021170000
-0.019645000  -0.023323000
-0.017044000  -0.025297000
-0.014263000  -0.026911000
-0.011392000  -0.028257000
-0.008343000  -0.029333000
-0.005203000  -0.030051000
-0.002063000  -0.030410000
0.0011660000  -0.030500000
0.0043060000  -0.030141000
0.4738190000  0.0372270000
0.6430020000  0.0386630000
0.6473980000  0.0385730000
0.6518830000  0.0380350000
0.6562780000  0.0373170000
0.6605840000  0.0361510000
0.6648000000  0.0347160000
0.6689270000  0.0330110000
0.6728740000  0.0309480000
0.6766410000  0.0286160000
0.6803190000  0.0260140000
0.6837280000  0.0231440000
0.6868680000  0.0200040000
0.6898280000  0.0166850000
0.6925190000  0.0131870000
0.6949410000  0.0094190000
0.6970940000  0.0054720000
0.6989780000  0.0014350000
0.7005030000  -0.002781000
0.7017590000  -0.006997000
0.7025660000  -0.009957000
0.7037320000  -0.012738000
0.7051670000  -0.015429000
0.7068720000  -0.017941000
0.7088450000  -0.020184000
0.7109980000  -0.022336000
0.7134200000  -0.024220000
0.7159320000  -0.025835000
0.7187130000  -0.027180000
0.7214940000  -0.028257000
0.7244540000  -0.029064000
0.7274140000  -0.029513000
0.7304640000  -0.029692000
0.7335140000  -0.029513000
0.7364740000  -0.029064000
0.7394350000  -0.028347000
0.7422150000  -0.027270000
0.7449960000  -0.026014000
0.7489430000  -0.023951000
0.7531590000  -0.022247000
0.7573750000  -0.020811000
0.7616810000  -0.019735000
0.7661660000  -0.019017000
0.7705620000  -0.018569000
0.7750470000  -0.018479000
0.7795320000  -0.018748000
0.7839280000  -0.019376000
0.7883230000  -0.020273000
0.7926290000  -0.021439000
0.7968450000  -0.023054000
0.8009720000  -0.024848000
0.8048290000  -0.027091000
0.9228800000  -0.097778000
1.3238600000  -0.480188000
1.3263710000  -0.482341000
1.3291520000  -0.484315000
1.3321120000  -0.486019000
1.3352520000  -0.487365000
1.3384810000  -0.488441000
1.3418010000  -0.489159000
1.3451200000  -0.489607000
1.3485280000  -0.489697000
1.3519370000  -0.489428000
1.3552560000  -0.488800000
1.3585750000  -0.487903000
1.3617150000  -0.486647000
1.3647650000  -0.485122000
1.3676350000  -0.483238000
1.3702370000  -0.481175000
1.3726590000  -0.478753000
1.3749010000  -0.476152000
1.3768750000  -0.473371000
1.3784900000  -0.470411000
1.3798350000  -0.467271000
1.3808220000  -0.464042000
1.3815400000  -0.460723000
1.3818980000  -0.457403000
1.3819880000  -0.453995000
1.3817190000  -0.450586000
1.3810910000  -0.447267000
1.3801040000  -0.444037000
1.3788480000  -0.440898000
1.3773240000  -0.437848000
1.3754400000  -0.434977000
1.3732870000  -0.432376000
0.9726660000  0.0173130000
0.9324790000  0.0803750000
0.9303260000  0.0839630000
0.9284420000  0.0878210000
0.9269170000  0.0916780000
0.9257510000  0.0957150000
0.9247640000  0.0998410000
0.9242260000  0.1040570000
0.9239570000  0.1082730000
0.9239570000  0.1124890000
0.9243160000  0.1166160000
0.9250330000  0.1208320000
0.9261100000  0.1248690000
0.9273660000  0.1289050000
0.9290700000  0.1327630000
0.9309540000  0.1365300000
0.9331960000  0.1401180000
0.9357080000  0.1435270000
0.9383990000  0.1466670000
0.9413590000  0.1497170000
0.9445890000  0.1524080000
0.9471010000  0.1546510000