Excavator bucket
0.0105850000  -0.341713000
0.0054190000  -0.348530000
0.0044460000  -0.349715000
0.0033450000  -0.350816000
0.0021590000  -0.351790000
0.0008470000  -0.352637000
-0.000508000  -0.353356000
-0.001905000  -0.353949000
-0.093568000  -0.387312000
-0.094245000  -0.387481000
-0.095007000  -0.387481000
-0.095685000  -0.387312000
-0.096362000  -0.386973000
-0.096913000  -0.386507000
-0.097378000  -0.385957000
-0.097675000  -0.385280000
-0.097802000  -0.384560000
-0.097759000  -0.383840000
-0.097590000  -0.383120000
-0.097251000  -0.382485000
-0.096743000  -0.381935000
-0.042508000  -0.333542000
0.0020750000  -0.047800000
0.0022020000  -0.046488000
0.0021590000  -0.045217000
0.0019900000  -0.043947000
0.0016510000  -0.042677000
0.0011850000  -0.041492000
0.0005500000  -0.040349000
-0.000169000  -0.039290000
-0.001058000  -0.038359000
-0.001990000  -0.037512000
-0.003091000  -0.036750000
-0.004234000  -0.036157000
-0.005419000  -0.035691000
-0.006689000  -0.035395000
-0.009060000  -0.034845000
-0.011389000  -0.034167000
-0.013675000  -0.033320000
-0.015877000  -0.032304000
-0.018036000  -0.031161000
-0.020111000  -0.029849000
-0.022101000  -0.028451000
-0.023964000  -0.026885000
-0.025699000  -0.025191000
-0.027351000  -0.023371000
-0.028875000  -0.021466000
-0.030272000  -0.019476000
-0.031500000  -0.017401000
-0.032601000  -0.015199000
-0.033574000  -0.012956000
-0.034379000  -0.010669000
-0.035014000  -0.008298000
-0.035480000  -0.005927000
-0.035818000  -0.003514000
-0.035945000  -0.001058000
-0.035945000  0.0013550000
-0.035776000  0.0037680000
-0.035437000  0.0061810000
-0.034929000  0.0085950000
-0.034252000  0.0109230000
-0.033447000  0.0132100000
-0.032474000  0.0154540000
-0.031373000  0.0176130000
-0.030103000  0.0196870000
-0.028705000  0.0217200000
-0.027139000  0.0235830000
-0.025488000  0.0253610000
-0.023710000  0.0270540000
-0.021847000  0.0285780000
-0.019857000  0.0300180000
-0.017782000  0.0312880000
-0.015623000  0.0323890000
-0.013379000  0.0334050000
-0.011093000  0.0342090000
-0.008764000  0.0348870000
-0.006351000  0.0353950000
-0.003937000  0.0357760000
-0.001524000  0.0359450000
0.0009310000  0.0359450000
0.0033450000  0.0358180000
0.0057580000  0.0355220000
0.0081710000  0.0350560000
0.0105000000  0.0344210000
0.0128290000  0.0336170000
0.0150720000  0.0326850000
0.0172320000  0.0315840000
0.0193490000  0.0303570000
0.0213390000  0.0289590000
0.0232860000  0.0274780000
0.0250640000  0.0258260000
0.0267580000  0.0240910000
0.0287050000  0.0220580000
0.0307380000  0.0201110000
0.0328970000  0.0183330000
0.0351830000  0.0166390000
0.0375120000  0.0151150000
0.0399250000  0.0137180000
0.0424650000  0.0124470000
0.0450060000  0.0113470000
0.0476730000  0.0103730000
0.0503400000  0.0095680000
0.0530500000  0.0088910000
0.0558440000  0.0083830000
0.0585960000  0.0080440000
0.0614330000  0.0078750000
0.0642270000  0.0078330000
0.0670220000  0.0080020000
0.0698160000  0.0082980000
0.0725680000  0.0087220000
0.0753200000  0.0093570000
0.0780300000  0.0101190000
0.0806550000  0.0110500000
0.0832800000  0.0121090000
0.0857780000  0.0133370000
0.0882330000  0.0146910000
0.0906040000  0.0161730000
0.0928900000  0.0178240000
0.0950920000  0.0195600000
0.0971670000  0.0214660000
0.0988180000  0.0229050000
0.1005960000  0.0242600000
0.1024170000  0.0254450000
0.1043640000  0.0265460000
0.1063540000  0.0274350000
0.1084290000  0.0281970000
0.1105460000  0.0288320000
0.1127050000  0.0292980000
0.1149060000  0.0295520000
0.1171080000  0.0296790000
0.1193100000  0.0296790000
0.1215110000  0.0294680000
0.1236710000  0.0290860000
0.1258300000  0.0285780000
0.1279040000  0.0279010000
0.1299790000  0.0270540000
0.1319270000  0.0260800000
0.1338320000  0.0249370000
0.1356520000  0.0237100000
0.1373460000  0.0223120000
0.1389550000  0.0207880000
0.1404370000  0.0191370000
0.1417910000  0.0174010000
0.1430190000  0.0155810000
0.1441200000  0.0136330000
0.1450510000  0.0116430000
0.1458560000  0.0096110000
0.1464910000  0.0074940000
0.1469570000  0.0053350000
0.1472530000  0.0031330000
0.1474220000  0.0009310000
0.1474220000  -0.001270000
0.1472530000  -0.003472000
0.1469140000  -0.005631000
0.1464060000  -0.007790000
0.1457710000  -0.009907000
0.1449240000  -0.011939000
0.1439930000  -0.013929000
0.1428920000  -0.015835000
0.1415370000  -0.018163000
0.1403100000  -0.020576000
0.1392510000  -0.023032000
0.1383200000  -0.025572000
0.1375580000  -0.028155000
0.1369650000  -0.030780000
0.1365410000  -0.033405000
0.1362870000  -0.036115000
0.1362030000  -0.038782000
0.1362450000  -0.041492000
0.1364990000  -0.044159000
0.1368800000  -0.046826000
0.1374310000  -0.049451000
0.1381500000  -0.052034000
0.1390390000  -0.054574000
0.1400550000  -0.057072000
0.1412410000  -0.059485000
0.1779910000  -0.128878000
0.1800230000  -0.132943000
0.1818860000  -0.137049000
0.1836220000  -0.141241000
0.1852310000  -0.145517000
0.1866280000  -0.149793000
0.1878980000  -0.154154000
0.1889990000  -0.158557000
0.1899300000  -0.163003000
0.1906920000  -0.167448000
0.1912850000  -0.171979000
0.1917080000  -0.176467000
0.1919620000  -0.180997000
0.1920470000  -0.185527000
0.1919620000  -0.190057000
0.1917080000  -0.194587000
0.1912850000  -0.199118000
0.1906920000  -0.203605000
0.1899300000  -0.208051000
0.1889990000  -0.212497000
0.1878980000  -0.216900000
0.1866280000  -0.221261000
0.1852310000  -0.225579000
0.1836220000  -0.229813000
0.1818860000  -0.234004000
0.1800230000  -0.238111000
0.1779480000  -0.242176000
0.1757890000  -0.246113000
0.1734180000  -0.250008000
0.1709630000  -0.253819000
0.1683380000  -0.257502000
0.1655430000  -0.261101000
0.1626640000  -0.264573000
0.1596160000  -0.267960000
0.1564830000  -0.271220000
0.1532230000  -0.274353000
0.1498360000  -0.277401000
0.1463640000  -0.280280000
0.1427650000  -0.283032000
0.1390390000  -0.285657000
0.1352710000  -0.288113000
0.1313760000  -0.290442000
0.1273960000  -0.292643000
0.1233320000  -0.294675000
0.1192250000  -0.296581000
0.1150330000  -0.298317000
0.0175700000  -0.336421000
0.0162160000  -0.337014000
0.0149450000  -0.337734000
0.0137180000  -0.338580000
0.0125750000  -0.339512000
0.0115580000  -0.340570000