Excavator upper boom (aka stick)
-0.174511000  -0.192281000
-0.691918000  -0.398594000
-0.694246000  -0.399391000
-0.696636000  -0.399942000
-0.699087000  -0.400249000
-0.701538000  -0.400371000
-0.703989000  -0.400249000
-0.706440000  -0.399881000
-0.708830000  -0.399268000
-0.711158000  -0.398410000
-0.713364000  -0.397307000
-0.715447000  -0.396082000
-0.717469000  -0.394611000
-0.719246000  -0.392957000
-0.720901000  -0.391119000
-0.722371000  -0.389097000
-0.723658000  -0.387013000
-0.724700000  -0.384807000
-0.725558000  -0.382479000
-0.726171000  -0.380089000
-0.726538000  -0.377638000
-0.726661000  -0.375187000
-0.726538000  -0.372736000
-0.726232000  -0.370285000
-0.725619000  -0.367895000
-0.724822000  -0.365567000
-0.723781000  -0.363361000
-0.722555000  -0.361216000
-0.721146000  -0.359194000
-0.719492000  -0.357356000
-0.717715000  -0.355702000
-0.715754000  -0.354170000
-0.713670000  -0.352883000
-0.018934000  0.0340080000
-0.016177000  0.0354170000
-0.013297000  0.0365810000
-0.010355000  0.0375000000
-0.007292000  0.0382360000
-0.004228000  0.0386650000
-0.001164000  0.0389100000
0.0019610000  0.0388480000
0.2076000000  0.0286150000
0.2102350000  0.0283700000
0.2128690000  0.0278800000
0.2153820000  0.0271450000
0.2178940000  0.0261640000
0.2202220000  0.0250000000
0.2224900000  0.0235910000
0.2245730000  0.0219360000
0.2265340000  0.0201590000
0.2283110000  0.0181990000
0.2299040000  0.0161150000
0.2312520000  0.0138480000
0.2324780000  0.0114580000
0.2333970000  0.0090070000
0.2341320000  0.0064340000
0.2345610000  0.0037990000
0.2348060000  0.0011640000
0.2348060000  -0.001471000
0.2345610000  -0.004105000
0.2340090000  -0.006679000
0.2332740000  -0.009253000
0.2323550000  -0.011704000
0.2311290000  -0.014093000
0.2297200000  -0.016299000
0.2281270000  -0.018383000
0.2262890000  -0.020343000
0.0979180000  -0.147121000
-0.025429000  -0.223225000
-0.027696000  -0.224512000
-0.030147000  -0.225553000
-0.032660000  -0.226289000
-0.035233000  -0.226840000
-0.037807000  -0.227085000
-0.040442000  -0.227147000
-0.043076000  -0.226840000
-0.045650000  -0.226350000
-0.048162000  -0.225553000
-0.050552000  -0.224573000
-0.052880000  -0.223286000
-0.055025000  -0.221816000
-0.057047000  -0.220100000
-0.058885000  -0.218262000
-0.060478000  -0.216178000
-0.061888000  -0.213972000
-0.063113000  -0.211644000
-0.064461000  -0.208825000
-0.066054000  -0.206191000
-0.067831000  -0.203617000
-0.069792000  -0.201227000
-0.071998000  -0.198960000
-0.074265000  -0.196877000
-0.076778000  -0.194977000
-0.079351000  -0.193261000
-0.082109000  -0.191791000
-0.084927000  -0.190504000
-0.087807000  -0.189401000
-0.090810000  -0.188543000
-0.093873000  -0.187931000
-0.096998000  -0.187563000
-0.100062000  -0.187440000
-0.103187000  -0.187502000
-0.174511000  -0.192281000