 2.37030745710888E+0000   1.04136201724784E+0001
 2.36419228809241E+0000   1.04244938132733E+0001
 2.35603872940377E+0000   1.04326490438695E+0001
 2.34584678104298E+0000   1.04394450693663E+0001
 2.33361644301002E+0000   1.04435226846644E+0001
 2.32138610497707E+0000   1.04448818897638E+0001
 2.30915576694411E+0000   1.04435226846644E+0001
 2.29692542891116E+0000   1.04394450693663E+0001
 2.28673348055037E+0000   1.04326490438695E+0001
 2.27654153218957E+0000   1.04244938132733E+0001
 2.27042636317309E+0000   1.04136201724784E+0001
 2.26634958382878E+0000   1.04027465316835E+0001
 2.26431119415662E+0000   1.03891544806899E+0001
 2.26634958382878E+0000   1.03769216347957E+0001
 2.27042636317309E+0000   1.03660479940008E+0001
 2.27654153218957E+0000   1.03551743532058E+0001
 2.28673348055037E+0000   1.03456599175103E+0001
 2.29692542891116E+0000   1.03388638920135E+0001
 2.30915576694411E+0000   1.03347862767154E+0001
 2.32138610497707E+0000   1.03334270716160E+0001
 2.33361644301002E+0000   1.03347862767154E+0001
 2.34584678104298E+0000   1.03388638920135E+0001
 2.35603872940377E+0000   1.03456599175103E+0001
 2.36419228809241E+0000   1.03551743532058E+0001
 2.37030745710888E+0000   1.03660479940008E+0001
 2.37438423645320E+0000   1.03769216347957E+0001
 2.37642262612536E+0000   1.03891544806899E+0001
 2.37438423645320E+0000   1.04027465316835E+0001
 2.37030745710888E+0000   1.04136201724784E+0001
---------------------
 2.31323254628843E+0000   9.61032995875516E+0000
 2.27654153218957E+0000   9.63343644544432E+0000
 2.24392729743503E+0000   9.65926134233221E+0000
 2.21131306268048E+0000   9.68780464941882E+0000
 2.18073721759810E+0000   9.71770716160480E+0000
 2.15219976218787E+0000   9.75032808398950E+0000
 2.12773908612196E+0000   9.78430821147357E+0000
 2.10327841005606E+0000   9.81964754405699E+0000
---------------------
 1.24307796840496E+0000   9.32353768278965E+0000
 1.25326991676575E+0000   9.30994563179602E+0000
 1.26142347545439E+0000   9.29499437570304E+0000
 1.26957703414303E+0000   9.27732470941132E+0000
 1.27365381348734E+0000   9.26101424821897E+0000
 1.27365381348734E+0000   9.24334458192726E+0000
 1.27161542381519E+0000   9.22159730033746E+0000
 1.26957703414303E+0000   9.20120922384702E+0000
 1.26346186512655E+0000   9.18082114735658E+0000
 1.25530830643791E+0000   9.16043307086614E+0000
 1.24715474774928E+0000   9.14140419947507E+0000
 1.23492440971632E+0000   9.12373453318335E+0000
 1.22065568201121E+0000   9.10742407199100E+0000
 1.20638695430610E+0000   9.09247281589801E+0000
 1.19007983692883E+0000   9.07888076490439E+0000
 1.17173432987940E+0000   9.06800712410949E+0000
 9.67895362663496E-0001   8.86956317960255E+0000
 9.23050789875998E-0001   8.81519497562805E+0000
 8.80244606760659E-0001   8.76082677165354E+0000
 8.39476813317479E-0001   8.70238095238095E+0000
 8.02785799218617E-0001   8.64393513310836E+0000
 7.66094785119755E-0001   8.58413010873641E+0000
 7.33480550365211E-0001   8.52296587926509E+0000
 7.02904705282826E-0001   8.46044244469441E+0000
 6.74367249872601E-0001   8.39655980502437E+0000
 6.47868184134534E-0001   8.33131796025497E+0000
 6.25445897740785E-0001   8.26471691038620E+0000
 6.05062001019195E-0001   8.19811586051743E+0000
 5.86716493969764E-0001   8.13015560554931E+0000
 5.72447766264651E-0001   8.06219535058118E+0000
 5.58179038559538E-0001   7.99423509561305E+0000
 5.50025479870902E-0001   7.92491563554556E+0000
 5.41871921182266E-0001   7.85559617547807E+0000
 5.37795141837948E-0001   7.78491751031121E+0000
 5.35756752165789E-0001   7.71559805024372E+0000
 5.35756752165789E-0001   7.64491938507687E+0000
 5.39833531510107E-0001   7.57559992500937E+0000
 4.27722099541362E-0001   5.67814960629921E+0000
 4.15491761508408E-0001   5.58164604424447E+0000
 4.05299813147613E-0001   5.48378327709036E+0000
 3.97146254458977E-0001   5.38727971503562E+0000
 3.91031085442500E-0001   5.28941694788151E+0000
 3.88992695770341E-0001   5.19155418072741E+0000
 3.88992695770341E-0001   5.09369141357330E+0000
 3.91031085442500E-0001   4.99446944131983E+0000
 3.97146254458977E-0001   4.89796587926509E+0000
 4.05299813147613E-0001   4.80010311211099E+0000
 4.15491761508408E-0001   4.70224034495688E+0000
 4.29760489213521E-0001   4.60573678290214E+0000
 4.46067606590793E-0001   4.50923322084739E+0000
 4.64413113640224E-0001   4.41272965879265E+0000
 4.86835400033973E-0001   4.31758530183727E+0000
 5.11296076099881E-0001   4.22244094488189E+0000
 5.37795141837948E-0001   4.12865579302587E+0000
 5.66332597248174E-0001   4.03487064116985E+0000
 5.98946832002718E-0001   3.94244469441320E+0000
 6.33599456429421E-0001   3.85137795275591E+0000
 4.27722099541362E-0001   3.87040682414698E+0000
 4.09376592491931E-0001   3.87040682414698E+0000
 3.88992695770341E-0001   3.86768841394826E+0000
 3.70647188720910E-0001   3.86225159355081E+0000
 3.52301681671479E-0001   3.85545556805399E+0000
 3.35994564294207E-0001   3.84594113235846E+0000
 3.19687446916936E-0001   3.83506749156355E+0000
 3.05418719211823E-0001   3.82147544056993E+0000
 2.93188381178869E-0001   3.80652418447694E+0000
 2.82996432818074E-0001   3.79021372328459E+0000
 2.74842874129438E-0001   3.77254405699288E+0000
 2.68727705112961E-0001   3.75351518560180E+0000
 2.66689315440802E-0001   3.73448631421072E+0000
 2.64650925768643E-0001   3.71545744281965E+0000
 2.68727705112961E-0001   3.31856955380577E+0000
 1.17377271955155E+0000   3.32944319460067E+0000
 1.19415661627314E+0000   3.32808398950131E+0000
 1.21250212332258E+0000   3.32536557930259E+0000
 1.23084763037201E+0000   3.31856955380577E+0000
 1.24919313742144E+0000   3.31177352830896E+0000
 1.26550025479871E+0000   3.30089988751406E+0000
 1.27976898250382E+0000   3.28866704161980E+0000
 1.29403771020893E+0000   3.27507499062617E+0000
 1.30422965856973E+0000   3.25876452943382E+0000
 1.31442160693052E+0000   3.24245406824147E+0000
 1.32053677594700E+0000   3.22478440194976E+0000
 1.32665194496348E+0000   3.20575553055868E+0000
 1.32869033463564E+0000   3.18672665916760E+0000
 2.12162391710549E+0000   1.83975440569929E+0000
 2.14404620349924E+0000   1.79761904761905E+0000
 2.16443010022083E+0000   1.75548368953881E+0000
 2.18277560727026E+0000   1.71198912635920E+0000
 2.19704433497537E+0000   1.66713535808024E+0000
 2.20927467300832E+0000   1.62228158980127E+0000
 2.21946662136912E+0000   1.57606861642295E+0000
 2.22558179038560E+0000   1.52985564304462E+0000
 2.22965856972991E+0000   1.48228346456693E+0000
 2.23169695940207E+0000   1.43607049118860E+0000
 2.23169695940207E+0000   1.38849831271091E+0000
 2.22762018005775E+0000   1.34228533933258E+0000
 2.21946662136912E+0000   1.29471316085489E+0000
 2.21131306268048E+0000   1.24850018747657E+0000
 2.19908272464753E+0000   1.20364641919760E+0000
 2.18277560727026E+0000   1.15879265091864E+0000
 2.16646848989298E+0000   1.11529808773903E+0000
 2.14608459317139E+0000   1.07316272965879E+0000
 2.12366230677765E+0000   1.03102737157855E+0000
 2.09920163071174E+0000   9.91610423697038E-0001
 2.07270256497367E+0000   9.52193475815523E-0001
 2.04212671989129E+0000   9.15494938132733E-0001
 2.01155087480890E+0000   8.81514810648669E-0001
 1.97893664005436E+0000   8.47534683164604E-0001
 1.94224562595549E+0000   8.16272965879265E-0001
 1.90555461185663E+0000   7.87729658792651E-0001
 1.86682520808561E+0000   7.60545556805399E-0001
 1.82809580431459E+0000   7.36079865016873E-0001
 1.78528962119925E+0000   7.14332583427072E-0001
 1.74248343808391E+0000   6.95303712035995E-0001
 1.69967725496857E+0000   6.77634045744282E-0001
 1.65483268218108E+0000   6.62682789651293E-0001
 1.60998810939358E+0000   6.51809148856393E-0001
 1.46322405299813E+0000   6.19188226471691E-0001
---------------------
 1.45303210463734E+0000   6.46372328458943E-0001
 1.39391880414473E+0000   7.65982377202850E-0001
 1.32461355529132E+0000   8.78796400449944E-0001
 1.24511635807712E+0000   9.87532808398950E-0001
 1.15950399184644E+0000   1.08811398575178E+0000
 1.06369967725497E+0000   1.18053993250844E+0000
 9.61780193647019E-0001   1.26616985376828E+0000
 8.51707151350433E-0001   1.34228533933258E+0000
 7.37557329709529E-0001   1.40888638920135E+0000
 6.17292339052149E-0001   1.46461379827522E+0000
 4.90912179378291E-0001   1.51218597675291E+0000
 3.62493630032274E-0001   1.54752530933633E+0000
 2.32036691014099E-0001   1.57199100112486E+0000
 9.95413623237641E-0002   1.58558305211849E+0000
-3.29539663665705E-0002   1.58966066741657E+0000
-1.65449295056905E-0001   1.58014623172103E+0000
-2.97944623747240E-0001   1.56111736032996E+0000
-4.26363173093256E-0001   1.53121484814398E+0000
-5.52743332767114E-0001   1.48907949006374E+0000
-6.77085102768813E-0001   1.43742969628796E+0000
-7.93273314081875E-0001   1.37626546681665E+0000
-9.07423135722779E-0001   1.30558680164979E+0000
-1.01341939867505E+0000   1.22403449568804E+0000
-1.11126210293868E+0000   1.13568616422947E+0000
-1.20298963818583E+0000   1.03782339707537E+0000
-1.28452522507219E+0000   9.34523809523809E-0001
-1.35994564294208E+0000   8.23068991376078E-0001
-1.42313572277900E+0000   7.06177352830896E-0001
-1.47817224392730E+0000   5.85208098987626E-0001
-1.52097842704264E+0000   4.58802024746907E-0001
-1.55359266179718E+0000   3.29677540307461E-0001
-1.57601494819093E+0000   1.99193850768654E-0001
-1.58824528622388E+0000   6.59917510311210E-0002
-1.58824528622388E+0000  -6.72103487064118E-0002
-1.57601494819093E+0000  -1.99053243344582E-0001
-1.55359266179718E+0000  -3.30896137982752E-0001
-1.52097842704264E+0000  -4.60020622422197E-0001
-1.47817224392730E+0000  -5.85067491563555E-0001
-1.42313572277900E+0000  -7.07395950506187E-0001
-1.35994564294208E+0000  -8.24287589051369E-0001
-1.28452522507219E+0000  -9.34383202099738E-0001
-1.20298963818583E+0000  -1.03904199475066E+0000
-1.11126210293868E+0000  -1.13554555680540E+0000
-1.01341939867505E+0000  -1.22525309336333E+0000
-9.07423135722779E-0001  -1.30544619422572E+0000
-7.93273314081875E-0001  -1.37748406449194E+0000
-6.77085102768813E-0001  -1.43864829396325E+0000
-5.52743332767114E-0001  -1.49029808773903E+0000
-4.26363173093256E-0001  -1.53107424071991E+0000
-2.97944623747240E-0001  -1.56233595800525E+0000
-1.65449295056905E-0001  -1.58136482939633E+0000
-3.29539663665705E-0002  -1.58952005999250E+0000
 9.95413623237641E-0002  -1.58680164979378E+0000
 2.32036691014099E-0001  -1.57320959880015E+0000
 3.62493630032274E-0001  -1.54738470191226E+0000
 4.90912179378291E-0001  -1.51204536932883E+0000
 6.17292339052149E-0001  -1.46583239595051E+0000
 7.37557329709529E-0001  -1.40874578177728E+0000
 8.51707151350433E-0001  -1.34214473190851E+0000
 9.61780193647019E-0001  -1.26602924634421E+0000
 1.06369967725497E+0000  -1.18175853018373E+0000
 1.15950399184644E+0000  -1.08797337832771E+0000
 1.24511635807712E+0000  -9.87392200974878E-0001
 1.32461355529132E+0000  -8.80014998125234E-0001
 1.39391880414473E+0000  -7.65841769778778E-0001
 1.45303210463734E+0000  -6.46231721034871E-0001
 1.50195345676915E+0000  -5.22544056992876E-0001
 1.54068286054017E+0000  -3.96137982752156E-0001
 1.56718192627824E+0000  -2.65654293213348E-0001
 1.58348904365551E+0000  -1.33811398575178E-0001
 1.58960421267199E+0000  -6.09298837645368E-0004
 1.58348904365551E+0000   1.32592800899887E-0001
 1.56718192627824E+0000   2.64435695538058E-0001
 1.54068286054017E+0000   3.94919385076865E-0001
 1.50195345676915E+0000   5.22684664416948E-0001
 1.45303210463734E+0000   6.46372328458943E-0001
---------------------
 1.56922031595040E+0000  -2.54780652418448E-0001
 1.71802276201801E+0000  -2.33033370828646E-0001
 1.86682520808561E+0000  -2.09926884139483E-0001
 2.01358926448106E+0000  -1.84101987251594E-0001
 2.16239171054867E+0000  -1.55558680164979E-0001
 2.30915576694411E+0000  -1.22937757780278E-0001
 2.45388143366740E+0000  -8.89576302962131E-0002
 2.60064549006285E+0000  -5.22590926134234E-0002
 2.74537115678614E+0000  -1.28421447319086E-0002
 2.89009682350943E+0000   2.92932133483314E-0002
 3.03278410056056E+0000   7.41469816272965E-0002
 3.17547137761169E+0000   1.21719160104987E-0001
 3.31612026499066E+0000   1.70650543682040E-0001
 3.45676915236963E+0000   2.23659542557180E-0001
 3.59741803974860E+0000   2.78027746531683E-0001
 3.73602853745541E+0000   3.35114360704912E-0001
 3.87463903516222E+0000   3.94919385076865E-0001
 4.01121114319687E+0000   4.57442819647544E-0001
 4.14574486155937E+0000   5.22684664416948E-0001
 4.28027857992186E+0000   5.89285714285714E-0001
 4.41277390861220E+0000   6.58605174353206E-0001
 4.54526923730253E+0000   7.30643044619422E-0001
 4.67572617632071E+0000   8.05399325084364E-0001
 4.80414472566672E+0000   8.81514810648669E-0001
 4.93256327501274E+0000   9.60348706411698E-0001
 5.05894343468660E+0000   1.04190101237345E+0000
 5.18328520468830E+0000   1.12617172853393E+0000
 5.30762697468999E+0000   1.21180164979378E+0000
 5.42789196534738E+0000   1.30014998125234E+0000
 5.54815695600476E+0000   1.38985751781027E+0000
 5.66842194666214E+0000   1.48228346456693E+0000
 5.78461015797520E+0000   1.57606861642295E+0000
 5.89875997961610E+0000   1.67257217847769E+0000
 6.01290980125701E+0000   1.77179415073116E+0000
 6.12502123322575E+0000   1.87237532808399E+0000
 6.23305588585018E+0000   1.97431571053618E+0000
 6.34109053847460E+0000   2.07897450318710E+0000
 6.44708680142687E+0000   2.18499250093738E+0000
 6.55104467470698E+0000   2.29372890888639E+0000
 6.65296415831493E+0000   2.40382452193476E+0000
 6.75284525225072E+0000   2.51663854518185E+0000
 6.85272634618651E+0000   2.62945256842895E+0000
 6.94853066077799E+0000   2.74498500187477E+0000
 7.04229658569730E+0000   2.86323584551931E+0000
 7.13402412094445E+0000   2.98148668916385E+0000
 7.15033123832173E+0000   2.81974128233971E+0000
 7.16867674537116E+0000   2.65935508061492E+0000
 7.19109903176491E+0000   2.49896887889014E+0000
 7.21555970783081E+0000   2.33858267716535E+0000
 7.24205877356888E+0000   2.17819647544057E+0000
 7.27263461865127E+0000   2.01916947881515E+0000
 7.30524885340581E+0000   1.86014248218973E+0000
 7.33990147783251E+0000   1.70247469066367E+0000
 7.37863088160353E+0000   1.54480689913761E+0000
 7.41939867504671E+0000   1.38713910761155E+0000
 7.46220485816205E+0000   1.23083052118485E+0000
 7.50704943094955E+0000   1.07588113985752E+0000
 7.55597078308137E+0000   9.20931758530184E-0001
 7.60693052488534E+0000   7.67341582302212E-0001
 7.65992865636147E+0000   6.13751406074241E-0001
 7.71496517750977E+0000   4.61520434945632E-0001
 7.77407847800238E+0000   3.10648668916385E-0001
 7.83523016816715E+0000   1.59776902887139E-0001
 7.89842024800408E+0000   1.02643419572553E-0002
 7.96568710718532E+0000  -1.37889013873266E-0001
 7.97791744521828E+0000  -1.67791526059243E-0001
 7.99218617292339E+0000  -1.96334833145857E-0001
 8.01053167997282E+0000  -2.23518935133108E-0001
 8.02887718702225E+0000  -2.49343832020997E-0001
 8.05129947341600E+0000  -2.73809523809524E-0001
 8.07372175980975E+0000  -2.95556805399325E-0001
 8.10022082554782E+0000  -3.15944881889764E-0001
 8.12671989128588E+0000  -3.34973753280840E-0001
 8.15525734669611E+0000  -3.49925009373828E-0001
 8.18379480210634E+0000  -3.63517060367454E-0001
 8.21437064718872E+0000  -3.75749906261717E-0001
 8.24494649227111E+0000  -3.83905136857893E-0001
 8.27756072702565E+0000  -3.89341957255343E-0001
 8.31017496178019E+0000  -3.93419572553431E-0001
 8.34278919653474E+0000  -3.93419572553431E-0001
 8.37540343128928E+0000  -3.92060367454068E-0001
 8.40597927637167E+0000  -3.86623547056618E-0001
 8.43859351112621E+0000  -3.79827521559805E-0001
 8.46916935620859E+0000  -3.68953880764904E-0001
 8.49974520129098E+0000  -3.56721034870641E-0001
 8.52828265670121E+0000  -3.41769778777653E-0001
 8.55478172243927E+0000  -3.25459317585302E-0001
 8.58128078817734E+0000  -3.06430446194226E-0001
 8.60574146424325E+0000  -2.84683164604424E-0001
 8.62816375063700E+0000  -2.61576677915261E-0001
 8.64854764735859E+0000  -2.35751781027372E-0001
 8.66689315440802E+0000  -2.08567679040120E-0001
 8.68320027178529E+0000  -1.81383577052868E-0001
 8.69746899949040E+0000  -1.51481064866892E-0001
 8.70766094785120E+0000  -1.21578552680915E-0001
 8.71581450653983E+0000  -9.03168353955756E-0002
 8.72192967555631E+0000  -5.76959130108737E-0002
 8.72600645490063E+0000  -2.50749906261718E-0002
 8.72600645490063E+0000   6.18672665916753E-0003
 8.72396806522847E+0000   3.88076490438694E-0002
 8.71989128588415E+0000   7.14285714285714E-0002
 8.71377611686767E+0000   1.02690288713911E-0001
 8.70358416850688E+0000   1.33952005999250E-0001
 8.69135383047393E+0000   1.63854518185227E-0001
 8.67708510276881E+0000   1.92397825271841E-0001
 8.61185663325973E+0000   3.32395950506187E-0001
 8.55070494309495E+0000   4.72394075740532E-0001
 8.49159164260234E+0000   6.13751406074241E-0001
 8.43655512145405E+0000   7.56467941507311E-0001
 8.38151860030576E+0000   9.00543682039745E-0001
 8.33055885850178E+0000   1.04461942257218E+0000
 8.28163750636997E+0000   1.19005436820397E+0000
 8.23475454391031E+0000   1.33684851893513E+0000
 8.19194836079497E+0000   1.48364266966629E+0000
 8.15118056735179E+0000   1.63179602549681E+0000
 8.11245116358077E+0000   1.77994938132733E+0000
 8.07779853915407E+0000   1.92946194225722E+0000
 8.04314591472736E+0000   2.07897450318710E+0000
 8.01257006964498E+0000   2.22984626921635E+0000
 7.98607100390691E+0000   2.38071803524559E+0000
 7.95957193816885E+0000   2.53158980127484E+0000
 7.93714965177510E+0000   2.68382077240345E+0000
 7.91676575505351E+0000   2.83469253843270E+0000
 7.90045863767623E+0000   2.98828271466067E+0000
 7.88618990997112E+0000   3.14051368578928E+0000
 7.87395957193817E+0000   3.29274465691788E+0000
 7.86580601324953E+0000   3.44633483314586E+0000
 7.85765245456090E+0000   3.59992500937383E+0000
 7.85561406488874E+0000   3.75351518560180E+0000
 7.85357567521658E+0000   3.90710536182977E+0000
 7.81688466111772E+0000   4.79874390701162E+0000
 7.67215899439443E+0000   4.80146231721035E+0000
 7.72311873619840E+0000   7.31055493063367E+0000
 7.74350263291999E+0000   7.32958380202475E+0000
 7.76184813996942E+0000   7.34861267341582E+0000
 7.77815525734670E+0000   7.37035995500562E+0000
 7.79242398505181E+0000   7.39210723659543E+0000
 7.80465432308476E+0000   7.41657292838395E+0000
 7.81484627144556E+0000   7.44103862017248E+0000
 7.82299983013419E+0000   7.46686351706037E+0000
 7.82707660947851E+0000   7.49268841394826E+0000
 7.83115338882283E+0000   7.51987251593551E+0000
 7.83115338882283E+0000   7.54705661792276E+0000
 7.82911499915067E+0000   7.57288151481065E+0000
 7.82503821980635E+0000   7.60006561679790E+0000
 7.81688466111772E+0000   7.62589051368579E+0000
 7.80873110242908E+0000   7.65035620547432E+0000
 7.79650076439613E+0000   7.67482189726284E+0000
 7.78223203669101E+0000   7.69792838395201E+0000
 7.76796330898590E+0000   7.71967566554181E+0000
 7.74961780193647E+0000   7.74006374203225E+0000
 7.72923390521488E+0000   7.75909261342332E+0000
 7.70885000849329E+0000   7.77540307461567E+0000
 7.68642772209954E+0000   7.78899512560930E+0000
 7.66196704603363E+0000   7.80258717660292E+0000
 7.63750636996773E+0000   7.81210161229846E+0000
 7.61100730422966E+0000   7.82025684289464E+0000
 7.58654662816375E+0000   7.82569366329209E+0000
 7.55800917275352E+0000   7.82841207349081E+0000
 7.53151010701546E+0000   7.82841207349081E+0000
 7.50501104127739E+0000   7.82705286839145E+0000
 7.47851197553932E+0000   7.82297525309336E+0000
 7.45201290980126E+0000   7.81617922759655E+0000
 7.42755223373535E+0000   7.80666479190101E+0000
 7.40309155766944E+0000   7.79579115110611E+0000
 7.38066927127569E+0000   7.78219910011249E+0000
 7.35824698488194E+0000   7.76588863892013E+0000
 7.33786308816035E+0000   7.74821897262842E+0000
 7.31951758111092E+0000   7.72919010123734E+0000
 7.30321046373365E+0000   7.70744281964754E+0000
 7.28894173602854E+0000   7.68569553805774E+0000
 7.27671139799558E+0000   7.66122984626922E+0000
 7.26651944963479E+0000   7.63676415448069E+0000
 7.25836589094615E+0000   7.61093925759280E+0000
 7.25225072192968E+0000   7.58511436070491E+0000
 7.24817394258536E+0000   7.55793025871766E+0000
 7.24817394258536E+0000   7.53210536182977E+0000
 7.25021233225752E+0000   7.50492125984252E+0000
 7.25428911160183E+0000   7.47909636295463E+0000
 7.26040428061831E+0000   7.45191226096738E+0000
 7.27059622897911E+0000   7.42744656917885E+0000
 7.28078817733990E+0000   7.40298087739033E+0000
 7.29505690504501E+0000   7.37987439070116E+0000
 7.30932563275013E+0000   7.35812710911136E+0000
 7.32767113979956E+0000   7.33773903262092E+0000
 7.27263461865127E+0000   4.81097675290589E+0000
 7.14217767963309E+0000   4.81369516310461E+0000
 7.03006624766434E+0000   4.64923134608174E+0000
 6.91387803635128E+0000   4.48748593925759E+0000
 6.79565143536606E+0000   4.32574053243345E+0000
 6.67538644470868E+0000   4.16671353580802E+0000
 6.55308306437914E+0000   4.01040494938133E+0000
 6.42874129437744E+0000   3.85409636295463E+0000
 6.30236113470358E+0000   3.70050618672666E+0000
 6.17190419568541E+0000   3.54827521559805E+0000
 6.04144725666723E+0000   3.39876265466817E+0000
 5.90895192797690E+0000   3.24925009373828E+0000
 5.77441820961440E+0000   3.10381514810649E+0000
 5.63580771190759E+0000   2.95838020247469E+0000
 5.49719721420078E+0000   2.81566366704162E+0000
 5.35654832682181E+0000   2.67566554180727E+0000
 5.21182266009852E+0000   2.53702662167229E+0000
 5.06709699337523E+0000   2.39974690663667E+0000
 4.92033293697979E+0000   2.26518560179977E+0000
 4.77153049091218E+0000   2.13334270716160E+0000
 4.62068965517241E+0000   2.00285901762280E+0000
 4.46781042976049E+0000   1.87509373828271E+0000
 4.31289281467641E+0000   1.74868766404199E+0000
 4.15797519959232E+0000   1.62500000000000E+0000
 4.10905384746051E+0000   1.59917510311211E+0000
 4.06013249532869E+0000   1.57606861642295E+0000
 4.00917275352472E+0000   1.55568053993251E+0000
 3.95821301172074E+0000   1.53801087364079E+0000
 3.90521488024461E+0000   1.52305961754781E+0000
 3.85221674876847E+0000   1.50946756655418E+0000
 3.79921861729234E+0000   1.49995313085864E+0000
 3.74418209614405E+0000   1.49179790026247E+0000
 3.69118396466791E+0000   1.48636107986502E+0000
 3.63614744351962E+0000   1.48500187476565E+0000
 3.58111092237133E+0000   1.48500187476565E+0000
 3.52811279089519E+0000   1.48772028496438E+0000
 3.47307626974690E+0000   1.49315710536183E+0000
 3.42007813827077E+0000   1.50131233595801E+0000
 3.36504161712247E+0000   1.51218597675291E+0000
 3.31408187531850E+0000   1.52441882264717E+0000
 3.26108374384236E+0000   1.54072928383952E+0000
 3.21012400203839E+0000   1.55975815523060E+0000
 3.15916426023441E+0000   1.58014623172103E+0000
 3.11024290810260E+0000   1.60325271841020E+0000
 3.06132155597078E+0000   1.62907761529809E+0000
 3.01443859351113E+0000   1.65626171728534E+0000
 2.96959402072363E+0000   1.68616422947132E+0000
 2.92678783760829E+0000   1.71878515185602E+0000
 2.88398165449295E+0000   1.75412448443945E+0000
 2.84321386104977E+0000   1.78946381702287E+0000
 2.80448445727875E+0000   1.82752155980502E+0000
 2.76779344317989E+0000   1.86829771278590E+0000
 2.73314081875318E+0000   1.91043307086614E+0000
 2.70052658399864E+0000   1.95392763404574E+0000
 1.82401902497027E+0000   3.17449381327334E+0000
 1.82401902497027E+0000   3.19624109486314E+0000
 1.82809580431459E+0000   3.21662917135358E+0000
 1.83217258365891E+0000   3.23701724784402E+0000
 1.84236453201970E+0000   3.25604611923510E+0000
 1.85255648038050E+0000   3.27371578552681E+0000
 1.86478681841345E+0000   3.29002624671916E+0000
 1.88109393579073E+0000   3.30361829771279E+0000
 1.89740105316800E+0000   3.31585114360705E+0000
 1.91574656021743E+0000   3.32536557930259E+0000
 1.93409206726686E+0000   3.33352080989876E+0000
 1.95447596398845E+0000   3.33759842519685E+0000
 1.97689825038220E+0000   3.33895763029621E+0000
 2.89213521318159E+0000   3.34983127109111E+0000
 2.89213521318159E+0000   3.54691601049869E+0000
 2.89009682350943E+0000   3.56866329208849E+0000
 2.88602004416511E+0000   3.58905136857893E+0000
 2.87786648547647E+0000   3.60808023997000E+0000
 2.86767453711568E+0000   3.62710911136108E+0000
 2.85544419908272E+0000   3.64341957255343E+0000
 2.84117547137761E+0000   3.65837082864642E+0000
 2.82486835400034E+0000   3.67196287964004E+0000
 2.80652284695091E+0000   3.68283652043495E+0000
 2.78817733990148E+0000   3.69099175103112E+0000
 2.76779344317989E+0000   3.69642857142857E+0000
 2.74740954645830E+0000   3.69914698162730E+0000
 2.31119415661627E+0000   3.74807836520435E+0000
 2.35196195005945E+0000   3.79021372328459E+0000
 2.39272974350263E+0000   3.83506749156355E+0000
 2.42942075760149E+0000   3.88128046494188E+0000
 2.46407338202820E+0000   3.93021184851894E+0000
 2.49668761678274E+0000   3.98050243719535E+0000
 2.51503312383217E+0000   4.01448256467941E+0000
 2.53134024120944E+0000   4.04846269216348E+0000
 2.54560896891456E+0000   4.08380202474691E+0000
 2.55783930694751E+0000   4.12050056242970E+0000
 2.56599286563615E+0000   4.15719910011249E+0000
 2.57414642432478E+0000   4.19389763779528E+0000
 2.58026159334126E+0000   4.23195538057743E+0000
 2.58229998301342E+0000   4.27001312335958E+0000
 2.58229998301342E+0000   4.30807086614173E+0000
 2.58841515202990E+0000   7.55657105361830E+0000
 2.59249193137421E+0000   7.62724971878515E+0000
 2.59249193137421E+0000   7.69928758905137E+0000
 2.59045354170206E+0000   7.77132545931758E+0000
 2.58637676235774E+0000   7.84200412448444E+0000
 2.57822320366910E+0000   7.91268278965129E+0000
 2.56803125530831E+0000   7.98472065991751E+0000
 2.55580091727535E+0000   8.05404011998500E+0000
 2.54153218957024E+0000   8.12471878515186E+0000
 2.52318668252081E+0000   8.19403824521935E+0000
 2.50280278579922E+0000   8.26199850018748E+0000
 2.47834210973331E+0000   8.32995875515561E+0000
 2.45184304399524E+0000   8.39655980502437E+0000
 2.42534397825718E+0000   8.46180164979378E+0000
 2.39272974350263E+0000   8.52704349456318E+0000
 2.36011550874809E+0000   8.59092613423322E+0000
 2.32342449464923E+0000   8.65209036370454E+0000
 2.28673348055037E+0000   8.71325459317585E+0000
 2.24596568710719E+0000   8.77170041244844E+0000
 1.92186172923391E+0000   9.10062804649419E+0000
 1.90351622218447E+0000   9.11557930258718E+0000
 1.88720910480720E+0000   9.13188976377953E+0000
 1.87294037710209E+0000   9.15091863517060E+0000
 1.86071003906914E+0000   9.17130671166104E+0000
 1.85255648038050E+0000   9.19305399325084E+0000
 1.84644131136402E+0000   9.21616047994001E+0000
 1.84236453201970E+0000   9.23926696662917E+0000
 1.84236453201970E+0000   9.26237345331833E+0000
 1.84644131136402E+0000   9.28004311961005E+0000
 1.85459487005266E+0000   9.29635358080240E+0000
 1.86274842874129E+0000   9.31130483689539E+0000
 1.87497876677425E+0000   9.32625609298838E+0000
 1.88720910480720E+0000   9.33848893888264E+0000
 1.90147783251232E+0000   9.34936257967754E+0000
 1.91778494988959E+0000   9.35751781027372E+0000
 1.93409206726686E+0000   9.36431383577053E+0000
 1.97485986071004E+0000   9.37518747656543E+0000
 2.01562765415322E+0000   9.39013873265842E+0000
 2.05435705792424E+0000   9.40644919385077E+0000
 2.09308646169526E+0000   9.42411886014248E+0000
 2.12977747579412E+0000   9.44586614173228E+0000
 2.16443010022083E+0000   9.46897262842145E+0000
 2.19908272464753E+0000   9.49479752530934E+0000
---------------------
 2.19908272464753E+0000   9.49479752530934E+0000
 2.23169695940207E+0000   9.52198162729659E+0000
 2.26227280448446E+0000   9.55188413948256E+0000
 2.29081025989468E+0000   9.58314585676790E+0000
 2.31730932563275E+0000   9.61576677915261E+0000
 2.34177000169866E+0000   9.65110611173603E+0000
 2.36419228809241E+0000   9.68644544431946E+0000
 2.38457618481400E+0000   9.72314398200225E+0000
 2.40292169186343E+0000   9.76256092988376E+0000
 2.41719041956854E+0000   9.80197787776528E+0000
 2.43145914727365E+0000   9.84275403074616E+0000
 2.44165109563445E+0000   9.88353018372703E+0000
 2.44980465432308E+0000   9.92430633670791E+0000
 4.00509597418040E+0000   1.00615860517435E+0001
 4.01324953286903E+0000   1.00670228721410E+0001
 4.02140309155767E+0000   1.00738188976378E+0001
 4.02547987090199E+0000   1.00819741282340E+0001
 4.02547987090199E+0000   1.00914885639295E+0001
 4.02344148122983E+0000   1.01010029996250E+0001
 4.01936470188551E+0000   1.01105174353206E+0001
 4.01121114319687E+0000   1.01159542557180E+0001
 4.00101919483608E+0000   1.01200318710161E+0001
 3.99286563614744E+0000   1.01200318710161E+0001
 2.57210803465262E+0000   1.03143982002250E+0001
 2.55172413793103E+0000   1.03198350206224E+0001
 2.53337863088160E+0000   1.03266310461192E+0001
 2.51503312383217E+0000   1.03361454818148E+0001
 2.49872600645490E+0000   1.03483783277090E+0001
 2.48445727874979E+0000   1.03619703787027E+0001
 2.47222694071683E+0000   1.03769216347957E+0001
 2.46203499235604E+0000   1.03945913010874E+0001
 2.45388143366740E+0000   1.04122609673791E+0001
 2.44776626465093E+0000   1.04326490438695E+0001
 2.44368948530661E+0000   1.04516779152606E+0001
 2.44368948530661E+0000   1.04720659917510E+0001
 2.44572787497877E+0000   1.04924540682415E+0001
 2.44980465432308E+0000   1.05182789651294E+0001
 2.45184304399524E+0000   1.05441038620172E+0001
 2.45184304399524E+0000   1.05712879640045E+0001
 2.44776626465093E+0000   1.05971128608924E+0001
 2.44165109563445E+0000   1.06229377577803E+0001
 2.43145914727365E+0000   1.06474034495688E+0001
 2.41922880924070E+0000   1.06718691413573E+0001
 2.40699847120775E+0000   1.06936164229471E+0001
 2.39069135383047E+0000   1.07140044994376E+0001
---------------------
 2.48038049940547E+0000   1.07330333708286E+0001
 3.84915916426023E-0001   1.03089613798275E+0001
 9.23050789875998E-0001   1.19264154480690E+0001
 9.31204348564634E-0001   1.19495219347582E+0001
 9.39357907253270E-0001   1.19712692163480E+0001
 9.51588245286224E-0001   1.19930164979378E+0001
 9.65856972991337E-0001   1.20120453693288E+0001
 9.80125700696450E-0001   1.20297150356205E+0001
 9.96432818073722E-0001   1.20473847019123E+0001
 1.01681671479531E+0000   1.20609767529059E+0001
 1.03720061151690E+0000   1.20745688038995E+0001
 1.05758450823849E+0000   1.20854424446944E+0001
 1.08000679463224E+0000   1.20935976752906E+0001
 1.10242908102599E+0000   1.20990344956880E+0001
 1.12688975709190E+0000   1.21031121109861E+0001
 1.15135043315781E+0000   1.21044713160855E+0001
 1.17377271955155E+0000   1.21031121109861E+0001
 1.19823339561746E+0000   1.20990344956880E+0001
 1.22065568201121E+0000   1.20922384701912E+0001
 1.24307796840496E+0000   1.20840832395950E+0001
 1.26346186512655E+0000   1.20732095988001E+0001
 1.28384576184814E+0000   1.20609767529059E+0001
 1.30219126889757E+0000   1.20460254968129E+0001
 1.32053677594700E+0000   1.20297150356205E+0001
 1.33480550365211E+0000   1.20106861642295E+0001
 2.48038049940547E+0000   1.07330333708286E+0001
---------------------
 4.88873789706132E-0001   1.03307086614173E+0001
 4.90912179378291E-0001   1.02763404574428E+0001
 4.97027348394768E-0001   1.02233314585677E+0001
 5.03142517411245E-0001   1.01703224596925E+0001
 5.13334465772040E-0001   1.01173134608174E+0001
 5.27603193477153E-0001   1.00643044619423E+0001
 5.41871921182266E-0001   1.00126546681665E+0001
 5.60217428231697E-0001   9.96236407949006E+0000
 5.80601324953287E-0001   9.91343269591301E+0000
 6.05062001019195E-0001   9.86450131233596E+0000
 6.29522677085103E-0001   9.81692913385827E+0000
 6.58060132495329E-0001   9.77071616047994E+0000
 6.88635977577713E-0001   9.72722159730034E+0000
 7.21250212332257E-0001   9.68372703412073E+0000
 7.55902836758960E-0001   9.64295088113986E+0000
 7.92593850857822E-0001   9.60353393325834E+0000
 8.31323254628843E-0001   9.56547619047619E+0000
 8.72091048072023E-0001   9.53013685789276E+0000
 9.12858841515203E-0001   9.49751593550806E+0000
 9.57703414302701E-0001   9.46625421822272E+0000
 1.00254798709020E+0000   9.43771091113611E+0000
 1.04943094954986E+0000   9.41052680914886E+0000
 1.09835230168167E+0000   9.38742032245969E+0000
 1.14727365381349E+0000   9.36567304086989E+0000
 1.16358077119076E+0000   9.36431383577053E+0000
 1.18192627824019E+0000   9.36159542557180E+0000
 1.19823339561746E+0000   9.35479940007499E+0000
 1.21454051299473E+0000   9.34664416947881E+0000
 1.22880924069985E+0000   9.33577052868391E+0000
 1.24307796840496E+0000   9.32353768278965E+0000
---------------------
 3.97146254458977E-0001   4.59758155230596E+0000
 3.97146254458977E-0001   4.59486314210724E+0000
---------------------