2a cad	github account
40523148	40523148
40723136	s40723136
40723151	s40723151
40723153	40723153
40723225	s40723225
40732331	40732331
40823101	40823101
40823102	40823102
40823103	40823103
40823104	40823104
40823106	40823106
40823107	40823107
40823108	40823108
40823109	40823109
40823110	40823110
40823111	40823111
40823112	a40823112
40823114	40823114
40823115	40823115
40823116	40823116
40823117	40823117
40823118	40823118
40823119	40823119
40823120	40823120
40823121	40823121
40823122	40823122
40823123	40823123
40823124	40823124
40823125	40823125
40823126	40823126
40823127	40823127
40823128	40823128
40823129	40823129
40823131	40823131
40823132	40823132
40823135	40823135
40823136	40823136
40823139	40823139
40823140	40823140
40823142	40823142
40823144	40823144
40823145	40823145
40823146	40823146
40823148	40823148
40823149	40823149
40823150	40823150
40823151	40823151
40823152	40823152
40823153	40823153
40823154	40823154
40871106	40871106
