2b	github account
40723135	s40723135
40723215	s40723215
40723224	s40723224
40823201	40823201
40823202	40823202
40823203	40823203
40823204	40823204
40823205	40823205
40823206	40823206
40823207	40823207
40823208	40823208
40823210	40823210
40823211	40823211
40823212	40823212
40823213	40823213
40823214	40823214
40823215	40823215
40823216	40823216
40823217	40823217
40823218	40823218
40823219	40823219
40823220	40823220
40823221	40823221
40823222	40823222
40823223	40823223
40823224	40823224
40823225	40823225
40823226	40823226
40823227	40823227
40823228	40823228
40823229	40823229
40823230	40823230
40823231	40823231-2
40823232	40823232
40823233	40823233
40823234	40823234
40823235	40823235
40823236	40823236
40823237	40823237
40823238	40823238
40823239	40823239
40823241	40823241
40823242	40823242
40823244	40823244
40823245	40823245
40823246	40823246
40823247	40823247
40823248	40823248
40823250	40823250
40823251	40823251
40832244	40823244
